$ANSIBLE_VAULT;1.1;AES256
62336262666133306337323332636539323964313032396237386330663261326531343134373338
3135396130323437306539336333353564626238323966370a383139623736653030333961623365
37356431376434313236666562356339663464616434393630336566346566633062356537626237
6137303263343931310a626137623361633837636131353166393332633862633935633335656665
38623334626662376135373738396161343161363337376364383163656433623136663834663265
37313030336465333337653863396639626437306563353134306465323332333737383963373339
37633236623032633431333734656135653330343064303366646430663736326537323439393337
34316539663866666164636231333137636162666335363631656533636462663336633362613232
36333036626661356531613632616330636135353631643637633331393231323761343963333663
31383164666334626164326462666337373763303636653537306632656135633537353833383666
38656263373361646462373861346565643665613166653733623838343632653831643766383030
31636564646239373631633633663866323735636433353331363262376464313464613361353633
31643264313264376130653566656361363335343837626166363862616264323039613762613061
35363234656662326239643833396266646561386364633062616138363435363938323665313966
30613239386462336133313639666530663363623133323632303234663866353732653638353562
66306637306531643739383163643835343634323931396232633031383730326466313531653639
65333363666262323539363462356136643166373339386565363236316638623035376261323435
36363562333938393661373236363836373161363036326336336664333133663536376137303661
37346636333232363132626437313333393963353062333262646236326361316530386237346339
61346634366238613939613931633664306239336333353463353035356130306334643064333561
66373837346665623039393464313563356238336636343063336637323130623761376238616534
30323562666464656538333436633437356530313666636238613861343061623236626134613437
33336537636238653835623630346436623536346632613834663432326232366464663465363963
38383465653065616663643466323339366531623135383763613432646261316539353261363064
39636261326564306132303134653861666632326535616662666363343335616164623939643737
66303732313739373936343262303637396232363930356537643032333634623035623237336366
65653237326133353036313632643165353836383463653436333863316365323430333339353738
61356133636132336663636338393135633731633336363265396636663733656230366631383333
30303830366431623162386236643032326666313435623830626237643866643836646362303765
63666563633465333338346636373034323432653330353736623062383866653333613730323738
61613664363163663036613932316632623536663134313434323661303536303039646365643739
36313062343435306433343664633632366265653530663438383938313462336334326133616536
64393134646662626435343364383962666131623532396135383965383431353239633863323564
36663334346335343537316262333663313864393134346661663830396166613661366638396366
61333635306536366665356235623566396265653864613837336230326163366562626430356131
62343037326563346538336537346532623463633765306634633330393236383764313739653564
33636130663362326233383931306332376464346533333237393538663665613438656330623663
33363031306331653034366137366462646132656238313861623036636439386536306435646138
66643961633564666131303265343366393166663163646330353237393737663931393231623862
31303330633035386164316239346362613239373931396430393434323136613134323663396531
63353034363666643339663936366663303436353834643330333035353236373432323031646530
65313062316166633738666261643261396538643364343662303263336163316432316236336564
33356239353062623463663166613863336365663430373434353138303437303432313766386564
30346530356434343136393962646464336537636339313965326533363964336362396630356664
62333263663434323165346436356266643630323731303163346137383934386163393464656164
63343435636665343361623761323530346132633934333536343132306133393933333337396237
65373861653638383036356530316530303461663864373432363166653137306130303361313730
63323832353135376661306563306438323064663964303833323432613636363961623637656136
31623437393538366439633835326637663332323162643938313437306332366638386362383564
66353330393339643264373362636533323433333864636435393465396130623830313066346365
32646562636134623534373465323463333334633965656537363165353765376166623331303431
66303464326665316261373232313139663561613335313539333461383463653932363337366364
36373634633032636334646466336235653635346435333239646334646132653131643461636231
32653961656662353066303735333534373461383932386235616136383262346234613861616262
62373866333832373537633335643037366163663936323636633965656331323064316364653565
31393534633861623030313535393765343835613433646534323462353964643563363932303035
35633831636662323062646232626135393832663139353734353965666564383631643039303561
38316363636566316432396663613930636231663163633231333262323038353630306366353530
37643065386363363431366331643764363533396162616430633936396366393031616639303439
35386231376533646439383663653364353033336438626132636666333037653931356461653466
62663432633536366539646164346166396162393837356633356365366136376434363931663064
35353231373939373065653530386139336366626437616165336431636532373937326164373961
62323337393132616235303230653963643333383263396162626231323431383561373038336264
30396431616564393664613830333664323039346433316332646332653131333666353761346562
38663765313265663930363963383764616339386137363564303463653538663239306463636438
64636439623837393862653635393739616339393864383132376338616132643637363131373037
66656530333664376165356232363231616238643036333736346639396237326464316138333462
35623262353532633963396338653539383839373364306263656534333162656163663138613031
34333265306665633337383334396561636136316232643237363661323465306466383431626339
33343063306439626630386264376361613737623038363365336163343461303839623462313933
38303066356562306434643662313733633566323864616630653863663964626564373238613364
62646238626261343963656632653734333937373034383664363136366433306462386362643763
66393835343630326336326665613837336238333530613634323339646664386138623636373735
66656238663365383363613432636132343163656531353339393662383664626264373165643961
31626636396461613764626236626134323563336361343666623339666131666166656263343731
39373565663966616666333162343532363161393561306132383237343435313636376339346635
39613431376666623863316537616133653163636439643930366262326262336435626335653837
61633861383333383538373431376535613063666262313530353663656163653231663138613062
63396661633932393835373762303637643536653065393636393833343335363633653034326162
34396461393838383436356133663639366237643064663233353236363731613265613661356634
34303333663162323366373337613730396639366665353932636463333439323036623238306130
65343635396134653365646634326234343439313431386130636331383065656565636430316430
36353763363830363233636330356366346363666262346539323333376234643332383534373030
38396231346530373935333331393734633830646437323864653930346564373066316631386638
38333761376536373138663465373439613165396663646137323166366462343764336232356531
36646532633032646665666239326136616534383165313133616362346333353636643434643330
39313431643330363637336664303435373964616439613861366231323966363137313830306139
61663462663334656264613061613635656563303136363365306639313138616134323430656130
31323439326362643935303365303164396161313462393432653663383435383530633937336463
66316332313934356337313930353536313735396162663634396661616136656239616432386438
31656561396130383336323532346635386339376635333638363139383361666366386666663564
63363363363162313632613434386161656533636334643535633034623564396134363139636634
63343663333837303030613030383164643835656533663564376161636362643837656234303065
32386138616336323064636333303465363130626430626432663765333165653432396331373466
32336432636564323164376538373966623433656265343632323464363163336161306538623933
33343135386135363032373466613961356263393336303136336439303762383166306264653730
63646538303465363166646537306134353834643863366232666465643433343466646336363764
37353164326232613465333862656536343937623335366263656339666662626366656337636637
31633863363062663163323432363036333961396138383661663861623162613537366630313131
36643234396637336535656635613932343761383364313865313232613765336536633831333265
65623033303464313530393236373835323930323435323636626337303961633666316131633462
66383266353162363465336661373930626634373834373532343164363734363039613838333265
63386537353630303866356635313938653935666635646633646334623530633135636131333364
65303664613239666535326138353266636361383734303063343266376263343530626631316232
39393239343461633763613466643761366339323737323365663633656638633863663561316162
65376233356330393435316534623739353365366563393031383839326233303062333534363133
32343134363630356634313264353264396132626130653338643161653935373431636630373737
35386366343631643565306463313632633164363333646261393361633661373930623337626564
30386231313032303732663233373666313765393834613334613630616637643636623166396363
30366238623263373964633332613930303536643036366563303931356439323639383161363233
63633131363837356462326136356265356262383362393366326235643133376533666434373933
34306233373630323937346530633465663763356664343034333138623134313463343130376362
65623562393965326166613465653361383530306565623932306237363064383731666637383937
35663661396438343732633230613637646364303334323764396463313363313332343735393139
30393037333439643133376337623939303636636634386638353337383265366431363932666661
31663862373034383866363764363139353230363836393739366333386562613537343562373739
36363738623934313631326563306164626535663835353665303161646463393536303433623762
64366237363739356136353836383734373562373565613065366131373962623238623364373430
65656138323931646532646130336266383962323534636563313935653364313063393565663037
66316135626339623636633662303936383236646633666138353334303064313265633263626138
61363464363336633766613762626234623237666363303637323235333837633736656635333934
61663563323130613034343838646432316230316336623365653639636632623939326338313839
64646663613966323135396163336538656162306635363832393965353963363862393334393938
31363864636538393939303434656536383134636230616236386636323535663331653933616664
32616639356633396135316137356663623664376534313961373432646435363164323832306635
33353039323033366232613838353931323364663262396633613034386534613430366335616439
32613030323231303063653564336462313530306432356432653533346535343665376137376564
62353334373337643539313063356630363435636539366137303134383531306566393537356538
34353361366166346634393861353764303232663630663364353865633736656430323033346162
34326633613930616263376638343765343535663436636463613931386433666232663538376235
38326539393161616562396466313134366539386639643237626362623366326666343937383562
37623139656534396166333766366432383439366137366231346431353335336338373137636365
32656431373562373336353032383339343365616235323163616532623531353230316362646366
61303936613165313930356164666434636539353266636134613532396630373932323830643865
37376632646261333461313036316235396435613465616662363162653739656166373133636233
33386632343765626632316433333931393663613430656133646436616137366238626262633166
39646431383039323536383636356666306633306135383566323730633533376163643432306165
30626138333963616462393063343835376466333131653339643862333636386631346638343037
31383037613833313032333961356232363562643564353264363465326365643630363734356566
62656164303539303035373732636236303162373163613038653136656138626333303435353133
34326663343132343863343863396232326464643636323637343839303336393331366436663539
64646166316235323562316230383064356336343238373462336330353336623531653463326231
38383362376135353365323835326636613938613163386361313631333537613563336663366664
62326133353533646138636131653038323432353761623163383730633432623662303263373033
36633564666330643831646365363232383465653830646561393531613732353362646339646662
35373731636132313336386461303130343863303638363637633133623030343932626331343034
35656630636637663634393230626435363931353934336431336434626665663666396339633036
38326562646136366261613838626561316664333539343637653231363339656334306231616232
33643832396365353966303136313536313963626166356462663330623565303231343966393432
61663734333564393131393466306330313232396331393866316465336437383530643236653937
66343663343336633763653836626636353636366266363332346136636663666533616230633531
63306537393631393761313631616235306466356433636635363231333336663732346234616661
30643662386265396661623266653332303031646135303630613933346237363732356339653262
63313064623034396130666562663434633563336638306134346135646462663937353362643932
37346665356134393864306432613564383266326261316130623439363161656536666233653565
39356630653161356266626561626137663939643561386638373833633065356264666332346335
37336665346465393036363330613433636630353736323161303463353437393564326235646337
35623030343362303837373332393334383732626662386233313963376633396362366336333832
32666434636239356539613832313562393836373739636361643432646262313762636133393461
63643131393333633439613665333233313435666135313435306365393663373938666464373036
32316664323038333335633432663032303864376134306335643261653235626132316462353661
36633863613730353133366234376239346466393534393262653461383066656266366463366431
37333463643134643033643736613233383366303338376133636131376232633039646538326238
34373037363966303435663830656666643961306132356634373462643463393662366532643366
39393363653062613561633133386466373636623836316265363263663762623231396161323137
63393832323838656633343438323466356133653736613364333437383762323063613630653330
34386230386539333333353937383334333661363762313363663236663866393062323865633933
66306366643934373065633831333032356131313265633564636138313362306333306234613464
35353439326131623863303135613337313438643230366335316563386138383063373533656431
6136336536623431303233663132656536353632656539663562
